2290394805782014514
5541392182680529597
8338477489968426246
14136040872541634073
543691094228157358
1052286045641497605
1204590397964488691
1318607637690011011
1361579513023662502
1468249543240826082
1525702333541672188
1855766840920864261
2534691476273826241
2664525856628526306
2878764782643201185
2956988681060605008
3441437924241574860
3574868232201654621
3822468609171203446
3981751870096411044
4045669050540949862
4254663594348165707
4330362487814434222
4379247837820716654
4436398186884795639
5155492881193192463
5644336448994253497
6162911760631498882
6670994301376747681
6803414463945103831
6873860930987799309
7233624380966621751
8638776797655494986
8791135404827558983
9029860865720112491
9104779758794698165
9299712552911668240
9690719988403452654
10007799180785521660
10304524306056295977
10416385145613627886
10642517464850873102
10786383151515606354
10811195875403712371
11089337464186714509
11465062836794942151
12186489666984253984
12195903916752658229
12694169579612386555
13263042308550085361
13321509153737417733
13378077336318187088
13532296914434427559
13749494222581136501
14143325568101007008
14168578719394519000
14440700124538557603
14782358792552876248
14885610454968626730
16994241019767919614
17509985509629286504
17887951497974698176
17991860661896350302
18285805757166365793
18319224735335473737
18385636777904058853
18391665331249465313
542165673981899707
790051704809897734
1306438741179354084
4445174928452737875
4532699136559850063
5519898236895941080
5701567130234133567
5794319086560935582
7615391649227115867
7865083384954538861
8931848498744033109
8954902405797431386
9557582190737281398
11237862932422098692
12078447277558519221
12380290364949771186
12719139055086696095
12889294177087959745
13195102845415117643
13691739635532868409
14026392903421437539
14201131635334662271
15218745836986686559
15605154088126099370
16208002782170880534
16307922617611487858
16729945476330250424
16975685576770944045
18001080206897014349
330448797772133848
2320396865349035488
6203201110383173321
9312332183004285923
9502268897346852894
14663838375016889917
